,nfe,epsilon_progress,SBX,PCX,DifferentialEvolution,UNDX,SPX,UM
0,1002,117,0.2962962962962963,0.07407407407407407,0.07407407407407407,0.48148148148148145,0.037037037037037035,0.037037037037037035
1,2009,209,0.7073170731707317,0.0975609756097561,0.04878048780487805,0.07317073170731707,0.024390243902439025,0.04878048780487805
2,3016,286,0.6304347826086957,0.043478260869565216,0.10869565217391304,0.10869565217391304,0.021739130434782608,0.08695652173913043
3,4020,375,0.6122448979591837,0.10204081632653061,0.16326530612244897,0.04081632653061224,0.02040816326530612,0.061224489795918366
4,5024,477,0.7592592592592593,0.037037037037037035,0.1111111111111111,0.037037037037037035,0.018518518518518517,0.037037037037037035
5,6029,555,0.8113207547169812,0.03773584905660377,0.03773584905660377,0.03773584905660377,0.018867924528301886,0.05660377358490566
6,7035,632,0.8333333333333334,0.018518518518518517,0.037037037037037035,0.037037037037037035,0.018518518518518517,0.05555555555555555
7,8041,704,0.859375,0.03125,0.015625,0.03125,0.015625,0.046875
8,9044,755,0.8695652173913043,0.028985507246376812,0.014492753623188406,0.028985507246376812,0.014492753623188406,0.043478260869565216
9,10047,807,0.8985507246376812,0.014492753623188406,0.014492753623188406,0.028985507246376812,0.014492753623188406,0.028985507246376812
10,11304,871,0.8974358974358975,0.01282051282051282,0.02564102564102564,0.02564102564102564,0.01282051282051282,0.02564102564102564
11,12361,943,0.8837209302325582,0.011627906976744186,0.023255813953488372,0.023255813953488372,0.011627906976744186,0.046511627906976744
12,13419,1013,0.9047619047619048,0.009523809523809525,0.01904761904761905,0.01904761904761905,0.009523809523809525,0.0380952380952381
13,14477,1082,0.9259259259259259,0.009259259259259259,0.018518518518518517,0.018518518518518517,0.009259259259259259,0.018518518518518517
14,15535,1146,0.9338842975206612,0.008264462809917356,0.01652892561983471,0.01652892561983471,0.008264462809917356,0.01652892561983471
15,16593,1205,0.9380530973451328,0.017699115044247787,0.008849557522123894,0.017699115044247787,0.008849557522123894,0.008849557522123894
16,17650,1268,0.918918918918919,0.018018018018018018,0.02702702702702703,0.018018018018018018,0.009009009009009009,0.009009009009009009
17,18708,1327,0.918918918918919,0.018018018018018018,0.02702702702702703,0.018018018018018018,0.009009009009009009,0.009009009009009009
18,19765,1395,0.9401709401709402,0.008547008547008548,0.017094017094017096,0.017094017094017096,0.008547008547008548,0.008547008547008548
19,20823,1448,0.943089430894309,0.008130081300813009,0.016260162601626018,0.016260162601626018,0.008130081300813009,0.008130081300813009
20,21879,1498,0.9421487603305785,0.008264462809917356,0.01652892561983471,0.01652892561983471,0.008264462809917356,0.008264462809917356
21,22937,1552,0.953125,0.0078125,0.0078125,0.015625,0.0078125,0.0078125
22,23994,1602,0.9492753623188406,0.007246376811594203,0.014492753623188406,0.014492753623188406,0.007246376811594203,0.007246376811594203
23,25053,1655,0.9496402877697842,0.007194244604316547,0.014388489208633094,0.014388489208633094,0.007194244604316547,0.007194244604316547
24,26111,1696,0.9538461538461539,0.007692307692307693,0.007692307692307693,0.015384615384615385,0.007692307692307693,0.007692307692307693
25,27167,1725,0.9538461538461539,0.007692307692307693,0.007692307692307693,0.015384615384615385,0.007692307692307693,0.007692307692307693
26,28224,1763,0.9562043795620438,0.0072992700729927005,0.0072992700729927005,0.014598540145985401,0.0072992700729927005,0.0072992700729927005
27,29281,1798,0.9583333333333334,0.006944444444444444,0.006944444444444444,0.013888888888888888,0.006944444444444444,0.006944444444444444
28,30340,1837,0.9536423841059603,0.006622516556291391,0.006622516556291391,0.013245033112582781,0.006622516556291391,0.013245033112582781
29,31399,1876,0.9551282051282052,0.00641025641025641,0.00641025641025641,0.01282051282051282,0.00641025641025641,0.01282051282051282
30,32458,1919,0.9466666666666667,0.013333333333333334,0.006666666666666667,0.013333333333333334,0.006666666666666667,0.013333333333333334
31,33515,1952,0.9466666666666667,0.013333333333333334,0.006666666666666667,0.013333333333333334,0.006666666666666667,0.013333333333333334
32,34574,1988,0.9523809523809523,0.013605442176870748,0.006802721088435374,0.013605442176870748,0.006802721088435374,0.006802721088435374
33,35633,2014,0.9548387096774194,0.012903225806451613,0.0064516129032258064,0.012903225806451613,0.0064516129032258064,0.0064516129032258064
34,36690,2049,0.9556962025316456,0.012658227848101266,0.006329113924050633,0.012658227848101266,0.006329113924050633,0.006329113924050633
35,37789,2062,0.9567901234567902,0.012345679012345678,0.006172839506172839,0.012345679012345678,0.006172839506172839,0.006172839506172839
36,39046,2127,0.954248366013072,0.013071895424836602,0.006535947712418301,0.013071895424836602,0.006535947712418301,0.006535947712418301
37,40303,2195,0.9432624113475178,0.02127659574468085,0.0070921985815602835,0.014184397163120567,0.0070921985815602835,0.0070921985815602835
38,41560,2254,0.9536423841059603,0.013245033112582781,0.006622516556291391,0.013245033112582781,0.006622516556291391,0.006622516556291391
39,42816,2313,0.9615384615384616,0.00641025641025641,0.00641025641025641,0.01282051282051282,0.00641025641025641,0.00641025641025641
40,44073,2372,0.9636363636363636,0.006060606060606061,0.006060606060606061,0.012121212121212121,0.006060606060606061,0.006060606060606061
41,45331,2430,0.9602272727272727,0.005681818181818182,0.011363636363636364,0.011363636363636364,0.005681818181818182,0.005681818181818182
42,46588,2478,0.9623655913978495,0.005376344086021506,0.010752688172043012,0.010752688172043012,0.005376344086021506,0.005376344086021506
43,47846,2531,0.9625668449197861,0.0053475935828877,0.0053475935828877,0.0106951871657754,0.0053475935828877,0.0106951871657754
44,49103,2593,0.9476439790575916,0.005235602094240838,0.005235602094240838,0.010471204188481676,0.005235602094240838,0.02617801047120419
45,50359,2647,0.9508196721311475,0.00546448087431694,0.00546448087431694,0.01092896174863388,0.00546448087431694,0.02185792349726776
46,50359,2647,0.9508196721311475,0.00546448087431694,0.00546448087431694,0.01092896174863388,0.00546448087431694,0.02185792349726776
