,nfe,epsilon_progress,SBX,PCX,DifferentialEvolution,UNDX,SPX,UM
0,1004,105,0.125,0.16666666666666666,0.041666666666666664,0.5416666666666666,0.041666666666666664,0.08333333333333333
1,2011,149,0.5483870967741935,0.0967741935483871,0.0967741935483871,0.1935483870967742,0.03225806451612903,0.03225806451612903
2,3013,259,0.6666666666666666,0.09259259259259259,0.05555555555555555,0.05555555555555555,0.018518518518518517,0.1111111111111111
3,4015,371,0.8166666666666667,0.05,0.06666666666666667,0.03333333333333333,0.016666666666666666,0.016666666666666666
4,5019,480,0.7111111111111111,0.06666666666666667,0.1111111111111111,0.06666666666666667,0.022222222222222223,0.022222222222222223
5,6023,561,0.8307692307692308,0.03076923076923077,0.07692307692307693,0.03076923076923077,0.015384615384615385,0.015384615384615385
6,7028,636,0.8305084745762712,0.05084745762711865,0.05084745762711865,0.03389830508474576,0.01694915254237288,0.01694915254237288
7,8033,692,0.8461538461538461,0.046153846153846156,0.046153846153846156,0.03076923076923077,0.015384615384615385,0.015384615384615385
8,9038,759,0.8888888888888888,0.013888888888888888,0.027777777777777776,0.027777777777777776,0.013888888888888888,0.027777777777777776
9,10042,827,0.8831168831168831,0.012987012987012988,0.03896103896103896,0.025974025974025976,0.012987012987012988,0.025974025974025976
10,11168,879,0.8823529411764706,0.011764705882352941,0.011764705882352941,0.023529411764705882,0.011764705882352941,0.058823529411764705
11,12370,942,0.8666666666666667,0.013333333333333334,0.02666666666666667,0.02666666666666667,0.013333333333333334,0.05333333333333334
12,13571,998,0.8777777777777778,0.011111111111111112,0.011111111111111112,0.022222222222222223,0.011111111111111112,0.06666666666666667
13,14773,1073,0.8645833333333334,0.03125,0.020833333333333332,0.020833333333333332,0.010416666666666666,0.052083333333333336
14,15976,1127,0.9090909090909091,0.022727272727272728,0.011363636363636364,0.022727272727272728,0.011363636363636364,0.022727272727272728
15,17177,1179,0.9148936170212766,0.02127659574468085,0.02127659574468085,0.02127659574468085,0.010638297872340425,0.010638297872340425
16,18377,1236,0.9191919191919192,0.020202020202020204,0.020202020202020204,0.020202020202020204,0.010101010101010102,0.010101010101010102
17,19578,1287,0.9038461538461539,0.028846153846153848,0.028846153846153848,0.019230769230769232,0.009615384615384616,0.009615384615384616
18,20780,1330,0.9065420560747663,0.028037383177570093,0.028037383177570093,0.018691588785046728,0.009345794392523364,0.009345794392523364
19,21982,1383,0.9099099099099099,0.018018018018018018,0.02702702702702703,0.018018018018018018,0.009009009009009009,0.018018018018018018
20,23183,1431,0.8761061946902655,0.035398230088495575,0.04424778761061947,0.017699115044247787,0.008849557522123894,0.017699115044247787
21,24385,1482,0.8852459016393442,0.040983606557377046,0.040983606557377046,0.01639344262295082,0.00819672131147541,0.00819672131147541
22,25586,1524,0.8931297709923665,0.03816793893129771,0.03816793893129771,0.015267175572519083,0.007633587786259542,0.007633587786259542
23,26787,1583,0.9126984126984127,0.031746031746031744,0.023809523809523808,0.015873015873015872,0.007936507936507936,0.007936507936507936
24,27989,1637,0.9285714285714286,0.017857142857142856,0.017857142857142856,0.017857142857142856,0.008928571428571428,0.008928571428571428
25,29192,1681,0.8990825688073395,0.027522935779816515,0.027522935779816515,0.01834862385321101,0.009174311926605505,0.01834862385321101
26,30394,1724,0.8952380952380953,0.02857142857142857,0.0380952380952381,0.01904761904761905,0.009523809523809525,0.009523809523809525
27,31595,1772,0.8928571428571429,0.026785714285714284,0.026785714285714284,0.017857142857142856,0.008928571428571428,0.026785714285714284
28,32797,1812,0.8620689655172413,0.034482758620689655,0.04310344827586207,0.017241379310344827,0.008620689655172414,0.034482758620689655
29,33997,1862,0.859504132231405,0.01652892561983471,0.06611570247933884,0.01652892561983471,0.008264462809917356,0.03305785123966942
30,35200,1898,0.8880597014925373,0.014925373134328358,0.029850746268656716,0.014925373134328358,0.007462686567164179,0.04477611940298507
31,36403,1935,0.9130434782608695,0.007246376811594203,0.014492753623188406,0.014492753623188406,0.007246376811594203,0.043478260869565216
32,37605,1978,0.935064935064935,0.006493506493506494,0.012987012987012988,0.012987012987012988,0.006493506493506494,0.025974025974025976
33,38806,2023,0.9367088607594937,0.006329113924050633,0.012658227848101266,0.012658227848101266,0.006329113924050633,0.02531645569620253
34,40009,2061,0.9375,0.00625,0.00625,0.0125,0.00625,0.03125
35,41359,2081,0.9358974358974359,0.00641025641025641,0.00641025641025641,0.01282051282051282,0.00641025641025641,0.03205128205128205
36,42560,2128,0.9470198675496688,0.006622516556291391,0.006622516556291391,0.013245033112582781,0.006622516556291391,0.019867549668874173
37,43760,2176,0.9345238095238095,0.005952380952380952,0.023809523809523808,0.011904761904761904,0.005952380952380952,0.017857142857142856
38,44961,2223,0.9457831325301205,0.006024096385542169,0.018072289156626505,0.012048192771084338,0.006024096385542169,0.012048192771084338
39,46161,2268,0.9440993788819876,0.006211180124223602,0.018633540372670808,0.012422360248447204,0.006211180124223602,0.012422360248447204
40,47363,2326,0.9401197604790419,0.005988023952095809,0.023952095808383235,0.011976047904191617,0.005988023952095809,0.011976047904191617
41,48564,2370,0.9506172839506173,0.006172839506172839,0.018518518518518517,0.012345679012345678,0.006172839506172839,0.006172839506172839
42,49766,2419,0.9523809523809523,0.005952380952380952,0.017857142857142856,0.011904761904761904,0.005952380952380952,0.005952380952380952
43,50967,2468,0.9565217391304348,0.006211180124223602,0.012422360248447204,0.012422360248447204,0.006211180124223602,0.006211180124223602
44,52167,2515,0.9575757575757575,0.006060606060606061,0.012121212121212121,0.012121212121212121,0.006060606060606061,0.006060606060606061
45,53367,2542,0.9529411764705882,0.0058823529411764705,0.01764705882352941,0.011764705882352941,0.0058823529411764705,0.0058823529411764705
46,54568,2588,0.9485714285714286,0.005714285714285714,0.022857142857142857,0.011428571428571429,0.005714285714285714,0.005714285714285714
47,55769,2625,0.9532163742690059,0.005847953216374269,0.017543859649122806,0.011695906432748537,0.005847953216374269,0.005847953216374269
48,56970,2664,0.9545454545454546,0.005681818181818182,0.017045454545454544,0.011363636363636364,0.005681818181818182,0.005681818181818182
49,58172,2699,0.9453551912568307,0.00546448087431694,0.01639344262295082,0.01092896174863388,0.00546448087431694,0.01639344262295082
50,59373,2743,0.9365079365079365,0.005291005291005291,0.026455026455026454,0.010582010582010581,0.005291005291005291,0.015873015873015872
51,60574,2770,0.93717277486911,0.005235602094240838,0.020942408376963352,0.010471204188481676,0.005235602094240838,0.020942408376963352
52,61775,2814,0.9263157894736842,0.010526315789473684,0.02631578947368421,0.010526315789473684,0.005263157894736842,0.021052631578947368
53,62976,2858,0.9141414141414141,0.010101010101010102,0.03535353535353535,0.010101010101010102,0.005050505050505051,0.025252525252525252
54,64176,2899,0.9020618556701031,0.010309278350515464,0.03608247422680412,0.010309278350515464,0.005154639175257732,0.03608247422680412
55,65377,2940,0.9108910891089109,0.009900990099009901,0.024752475247524754,0.009900990099009901,0.0049504950495049506,0.039603960396039604
56,66578,2976,0.9154228855721394,0.009950248756218905,0.014925373134328358,0.009950248756218905,0.004975124378109453,0.04477611940298507
57,67779,3011,0.9227053140096618,0.00966183574879227,0.014492753623188406,0.00966183574879227,0.004830917874396135,0.03864734299516908
58,68981,3041,0.925,0.005,0.015,0.01,0.005,0.04
59,70182,3072,0.927536231884058,0.004830917874396135,0.014492753623188406,0.00966183574879227,0.004830917874396135,0.03864734299516908
60,71382,3107,0.9248826291079812,0.004694835680751174,0.018779342723004695,0.009389671361502348,0.004694835680751174,0.03755868544600939
61,72583,3140,0.9220183486238532,0.0045871559633027525,0.013761467889908258,0.009174311926605505,0.0045871559633027525,0.045871559633027525
62,73784,3174,0.9223744292237442,0.0045662100456621,0.0182648401826484,0.0091324200913242,0.0045662100456621,0.0410958904109589
63,74984,3199,0.9278846153846154,0.004807692307692308,0.014423076923076924,0.009615384615384616,0.004807692307692308,0.038461538461538464
64,76184,3232,0.9261083743842364,0.0049261083743842365,0.014778325123152709,0.009852216748768473,0.0049261083743842365,0.03940886699507389
65,77385,3266,0.9211822660098522,0.0049261083743842365,0.014778325123152709,0.009852216748768473,0.0049261083743842365,0.04433497536945813
66,78586,3297,0.896551724137931,0.0049261083743842365,0.014778325123152709,0.009852216748768473,0.0049261083743842365,0.06896551724137931
67,79787,3327,0.8994974874371859,0.005025125628140704,0.01507537688442211,0.010050251256281407,0.005025125628140704,0.06532663316582915
68,80988,3357,0.875,0.005,0.02,0.01,0.005,0.085
69,82189,3391,0.883177570093458,0.004672897196261682,0.018691588785046728,0.009345794392523364,0.004672897196261682,0.0794392523364486
70,83391,3422,0.8888888888888888,0.004629629629629629,0.018518518518518517,0.009259259259259259,0.004629629629629629,0.07407407407407407
71,84593,3440,0.8812785388127854,0.0045662100456621,0.0228310502283105,0.0091324200913242,0.0045662100456621,0.0776255707762557
72,85793,3477,0.863013698630137,0.0045662100456621,0.0273972602739726,0.0091324200913242,0.0045662100456621,0.091324200913242
73,86994,3501,0.8461538461538461,0.00904977375565611,0.02262443438914027,0.00904977375565611,0.004524886877828055,0.1085972850678733
74,88195,3536,0.8518518518518519,0.009259259259259259,0.023148148148148147,0.009259259259259259,0.004629629629629629,0.10185185185185185
75,89395,3557,0.8599033816425121,0.00966183574879227,0.024154589371980676,0.00966183574879227,0.004830917874396135,0.09178743961352658
76,90596,3578,0.8682926829268293,0.00975609756097561,0.024390243902439025,0.00975609756097561,0.004878048780487805,0.08292682926829269
77,91797,3608,0.8682926829268293,0.00975609756097561,0.024390243902439025,0.00975609756097561,0.004878048780487805,0.08292682926829269
78,92998,3632,0.8731707317073171,0.00975609756097561,0.024390243902439025,0.00975609756097561,0.004878048780487805,0.07804878048780488
79,94199,3668,0.8878048780487805,0.004878048780487805,0.024390243902439025,0.00975609756097561,0.004878048780487805,0.06829268292682927
80,95401,3688,0.893719806763285,0.004830917874396135,0.024154589371980676,0.00966183574879227,0.004830917874396135,0.06280193236714976
81,96602,3710,0.8952380952380953,0.004761904761904762,0.023809523809523808,0.009523809523809525,0.004761904761904762,0.06190476190476191
82,97804,3742,0.892018779342723,0.004694835680751174,0.023474178403755867,0.009389671361502348,0.004694835680751174,0.06572769953051644
83,99004,3767,0.9078341013824884,0.004608294930875576,0.02304147465437788,0.009216589861751152,0.004608294930875576,0.05069124423963134
84,100206,3788,0.9120370370370371,0.004629629629629629,0.018518518518518517,0.009259259259259259,0.004629629629629629,0.05092592592592592
85,100206,3788,0.9120370370370371,0.004629629629629629,0.018518518518518517,0.009259259259259259,0.004629629629629629,0.05092592592592592
